___1___

*| 0 1 2 
________
0| 0 0 0
1| 0 0 0
2| 0 0 0

___2___

*| 0 1 2 
________
0| 0 0 0
1| 0 0 0
2| 0 0 1

___3___

*| 0 1 2 
________
0| 0 0 0
1| 0 0 0
2| 0 0 2

___4___

*| 0 1 2 
________
0| 0 0 0
1| 0 0 0
2| 0 1 2

___5___

*| 0 1 2 
________
0| 0 0 0
1| 0 0 0
2| 2 2 2

___6___

*| 0 1 2 
________
0| 0 0 0
1| 0 0 1
2| 0 0 2

___7___

*| 0 1 2 
________
0| 0 0 0
1| 0 0 1
2| 0 1 2

___8___

*| 0 1 2 
________
0| 0 0 0
1| 0 1 0
2| 0 0 0

___9___

*| 0 1 2 
________
0| 0 0 0
1| 0 1 0
2| 0 0 2

___10___

*| 0 1 2 
________
0| 0 0 0
1| 0 1 0
2| 0 2 0

___11___

*| 0 1 2 
________
0| 0 0 0
1| 0 1 0
2| 2 2 2

___12___

*| 0 1 2 
________
0| 0 0 0
1| 0 1 1
2| 0 1 1

___13___

*| 0 1 2 
________
0| 0 0 0
1| 0 1 1
2| 0 1 2

___14___

*| 0 1 2 
________
0| 0 0 0
1| 0 1 1
2| 0 2 2

___15___

*| 0 1 2 
________
0| 0 0 0
1| 0 1 2
2| 0 0 0

___16___

*| 0 1 2 
________
0| 0 0 0
1| 0 1 2
2| 0 1 2

___17___

*| 0 1 2 
________
0| 0 0 0
1| 0 1 2
2| 0 2 0

___18___

*| 0 1 2 
________
0| 0 0 0
1| 0 1 2
2| 0 2 1

___19___

*| 0 1 2 
________
0| 0 0 0
1| 0 1 2
2| 0 2 2

___20___

*| 0 1 2 
________
0| 0 0 0
1| 0 1 2
2| 2 2 2

___21___

*| 0 1 2 
________
0| 0 0 0
1| 0 2 0
2| 0 0 0

___22___

*| 0 1 2 
________
0| 0 0 0
1| 0 2 1
2| 0 1 2

___23___

*| 0 1 2 
________
0| 0 0 0
1| 0 2 2
2| 0 2 2

___24___

*| 0 1 2 
________
0| 0 0 0
1| 1 1 1
2| 0 0 0

___25___

*| 0 1 2 
________
0| 0 0 0
1| 1 1 1
2| 0 0 2

___26___

*| 0 1 2 
________
0| 0 0 0
1| 1 1 1
2| 0 1 2

___27___

*| 0 1 2 
________
0| 0 0 0
1| 1 1 1
2| 1 1 1

___28___

*| 0 1 2 
________
0| 0 0 0
1| 1 1 1
2| 1 1 2

___29___

*| 0 1 2 
________
0| 0 0 0
1| 1 1 1
2| 2 2 2

___30___

*| 0 1 2 
________
0| 0 0 0
1| 2 1 2
2| 2 2 2

___31___

*| 0 1 2 
________
0| 0 0 0
1| 2 2 2
2| 2 2 2

___32___

*| 0 1 2 
________
0| 0 0 2
1| 0 0 2
2| 0 0 2

___33___

*| 0 1 2 
________
0| 0 0 2
1| 0 0 2
2| 2 2 0

___34___

*| 0 1 2 
________
0| 0 0 2
1| 0 0 2
2| 2 2 2

___35___

*| 0 1 2 
________
0| 0 0 2
1| 0 1 2
2| 0 0 2

___36___

*| 0 1 2 
________
0| 0 0 2
1| 0 1 2
2| 0 2 2

___37___

*| 0 1 2 
________
0| 0 0 2
1| 0 1 2
2| 2 2 0

___38___

*| 0 1 2 
________
0| 0 0 2
1| 0 1 2
2| 2 2 2

___39___

*| 0 1 2 
________
0| 0 0 2
1| 1 1 2
2| 2 2 2

___40___

*| 0 1 2 
________
0| 0 1 0
1| 0 1 0
2| 0 1 0

___41___

*| 0 1 2 
________
0| 0 1 0
1| 0 1 0
2| 0 1 2

___42___

*| 0 1 2 
________
0| 0 1 0
1| 0 1 1
2| 0 1 2

___43___

*| 0 1 2 
________
0| 0 1 0
1| 1 0 1
2| 0 1 0

___44___

*| 0 1 2 
________
0| 0 1 0
1| 1 0 1
2| 0 1 2

___45___

*| 0 1 2 
________
0| 0 1 0
1| 1 1 1
2| 0 1 0

___46___

*| 0 1 2 
________
0| 0 1 0
1| 1 1 1
2| 0 1 2

___47___

*| 0 1 2 
________
0| 0 1 0
1| 1 1 1
2| 2 1 2

___48___

*| 0 1 2 
________
0| 0 1 1
1| 0 1 1
2| 0 1 1

___49___

*| 0 1 2 
________
0| 0 1 1
1| 0 1 1
2| 0 1 2

___50___

*| 0 1 2 
________
0| 0 1 1
1| 1 0 0
2| 1 0 0

___51___

*| 0 1 2 
________
0| 0 1 1
1| 1 1 1
2| 1 1 1

___52___

*| 0 1 2 
________
0| 0 1 1
1| 1 1 1
2| 1 1 2

___53___

*| 0 1 2 
________
0| 0 1 1
1| 1 1 1
2| 2 1 1

___54___

*| 0 1 2 
________
0| 0 1 1
1| 1 1 1
2| 2 2 2

___55___

*| 0 1 2 
________
0| 0 1 2
1| 0 1 2
2| 0 1 2

___56___

*| 0 1 2 
________
0| 0 1 2
1| 0 1 2
2| 2 2 2

___57___

*| 0 1 2 
________
0| 0 1 2
1| 1 0 2
2| 2 2 2

___58___

*| 0 1 2 
________
0| 0 1 2
1| 1 1 1
2| 0 1 2

___59___

*| 0 1 2 
________
0| 0 1 2
1| 1 1 1
2| 1 1 1

___60___

*| 0 1 2 
________
0| 0 1 2
1| 1 1 1
2| 2 1 0

___61___

*| 0 1 2 
________
0| 0 1 2
1| 1 1 1
2| 2 1 1

___62___

*| 0 1 2 
________
0| 0 1 2
1| 1 1 1
2| 2 1 2

___63___

*| 0 1 2 
________
0| 0 1 2
1| 1 1 1
2| 2 2 2

___64___

*| 0 1 2 
________
0| 0 1 2
1| 1 1 2
2| 1 1 2

___65___

*| 0 1 2 
________
0| 0 1 2
1| 1 1 2
2| 2 1 2

___66___

*| 0 1 2 
________
0| 0 1 2
1| 1 1 2
2| 2 2 1

___67___

*| 0 1 2 
________
0| 0 1 2
1| 1 1 2
2| 2 2 2

___68___

*| 0 1 2 
________
0| 0 1 2
1| 1 2 0
2| 2 0 1

___69___

*| 0 1 2 
________
0| 0 1 2
1| 1 2 1
2| 2 1 2

___70___

*| 0 1 2 
________
0| 0 1 2
1| 1 2 2
2| 2 2 2

___71___

*| 0 1 2 
________
0| 0 1 2
1| 2 1 2
2| 2 1 2

___72___

*| 0 1 2 
________
0| 0 1 2
1| 2 2 2
2| 2 2 2

___73___

*| 0 1 2 
________
0| 0 2 2
1| 0 1 2
2| 0 2 2

___74___

*| 0 1 2 
________
0| 0 2 2
1| 0 2 2
2| 0 2 2

___75___

*| 0 1 2 
________
0| 0 2 2
1| 1 1 1
2| 2 2 2

___76___

*| 0 1 2 
________
0| 0 2 2
1| 1 2 2
2| 2 2 2

___77___

*| 0 1 2 
________
0| 0 2 2
1| 2 0 0
2| 2 0 0

___78___

*| 0 1 2 
________
0| 0 2 2
1| 2 1 2
2| 2 2 2

___79___

*| 0 1 2 
________
0| 0 2 2
1| 2 2 2
2| 2 2 2

___80___

*| 0 1 2 
________
0| 1 0 0
1| 0 1 1
2| 0 1 1

___81___

*| 0 1 2 
________
0| 1 0 0
1| 0 1 1
2| 0 1 2

___82___

*| 0 1 2 
________
0| 1 0 1
1| 0 1 0
2| 1 0 1

___83___

*| 0 1 2 
________
0| 1 0 2
1| 0 1 2
2| 2 2 2

___84___

*| 0 1 2 
________
0| 1 1 0
1| 1 1 1
2| 0 1 2

___85___

*| 0 1 2 
________
0| 1 1 0
1| 1 1 1
2| 1 1 2

___86___

*| 0 1 2 
________
0| 1 1 1
1| 1 1 1
2| 0 1 2

___87___

*| 0 1 2 
________
0| 1 1 1
1| 1 1 1
2| 1 1 0

___88___

*| 0 1 2 
________
0| 1 1 1
1| 1 1 1
2| 1 1 1

___89___

*| 0 1 2 
________
0| 1 1 1
1| 1 1 1
2| 1 1 2

___90___

*| 0 1 2 
________
0| 1 1 1
1| 1 1 1
2| 2 2 2

___91___

*| 0 1 2 
________
0| 1 1 2
1| 1 1 2
2| 1 1 2

___92___

*| 0 1 2 
________
0| 1 1 2
1| 1 1 2
2| 2 2 1

___93___

*| 0 1 2 
________
0| 1 1 2
1| 1 1 2
2| 2 2 2

___94___

*| 0 1 2 
________
0| 1 2 0
1| 2 0 1
2| 0 1 2

___95___

*| 0 1 2 
________
0| 1 2 1
1| 2 1 2
2| 1 2 1

___96___

*| 0 1 2 
________
0| 1 2 2
1| 2 2 2
2| 2 2 2

___97___

*| 0 1 2 
________
0| 2 0 0
1| 0 1 2
2| 0 2 2

___98___

*| 0 1 2 
________
0| 2 0 0
1| 0 2 2
2| 0 2 2

___99___

*| 0 1 2 
________
0| 2 0 1
1| 0 1 2
2| 1 2 0

___100___

*| 0 1 2 
________
0| 2 0 2
1| 0 1 2
2| 2 2 2

___101___

*| 0 1 2 
________
0| 2 0 2
1| 2 1 2
2| 2 2 2

___102___

*| 0 1 2 
________
0| 2 1 0
1| 1 1 1
2| 0 1 2

___103___

*| 0 1 2 
________
0| 2 1 1
1| 1 1 1
2| 1 1 1

___104___

*| 0 1 2 
________
0| 2 1 2
1| 1 1 1
2| 2 1 2

___105___

*| 0 1 2 
________
0| 2 1 2
1| 1 2 1
2| 2 1 2

___106___

*| 0 1 2 
________
0| 2 1 2
1| 2 1 2
2| 2 1 2

___107___

*| 0 1 2 
________
0| 2 2 0
1| 2 2 0
2| 0 0 2

___108___

*| 0 1 2 
________
0| 2 2 1
1| 2 2 1
2| 1 1 2

___109___

*| 0 1 2 
________
0| 2 2 2
1| 0 1 2
2| 2 2 2

___110___

*| 0 1 2 
________
0| 2 2 2
1| 1 1 1
2| 2 2 2

___111___

*| 0 1 2 
________
0| 2 2 2
1| 2 0 2
2| 2 2 2

___112___

*| 0 1 2 
________
0| 2 2 2
1| 2 1 2
2| 2 2 2

___113___

*| 0 1 2 
________
0| 2 2 2
1| 2 2 2
2| 2 2 2

