___1___

*| 0 1 2 
________
0| 0 0 0
1| 0 0 0
2| 0 0 0

___2___

*| 0 1 2 
________
0| 0 0 0
1| 0 0 0
2| 0 0 1

___3___

*| 0 1 2 
________
0| 0 0 0
1| 0 0 0
2| 0 0 2

___4___

*| 0 1 2 
________
0| 0 0 0
1| 0 0 0
2| 0 1 2

___5___

*| 0 1 2 
________
0| 0 0 0
1| 0 0 0
2| 2 2 2

___6___

*| 0 1 2 
________
0| 0 0 0
1| 0 0 1
2| 0 0 2

___7___

*| 0 1 2 
________
0| 0 0 0
1| 0 0 1
2| 0 1 2

___8___

*| 0 1 2 
________
0| 0 0 0
1| 0 1 0
2| 0 0 2

___9___

*| 0 1 2 
________
0| 0 0 0
1| 0 1 0
2| 2 2 2

___10___

*| 0 1 2 
________
0| 0 0 0
1| 0 1 1
2| 0 1 1

___11___

*| 0 1 2 
________
0| 0 0 0
1| 0 1 1
2| 0 1 2

___12___

*| 0 1 2 
________
0| 0 0 0
1| 0 1 1
2| 0 2 2

___13___

*| 0 1 2 
________
0| 0 0 0
1| 0 1 2
2| 0 1 2

___14___

*| 0 1 2 
________
0| 0 0 0
1| 0 1 2
2| 0 2 1

___15___

*| 0 1 2 
________
0| 0 0 0
1| 0 1 2
2| 2 2 2

___16___

*| 0 1 2 
________
0| 0 0 0
1| 1 1 1
2| 2 2 2

___17___

*| 0 1 2 
________
0| 0 0 2
1| 0 0 2
2| 0 0 2

___18___

*| 0 1 2 
________
0| 0 0 2
1| 0 0 2
2| 2 2 0

___19___

*| 0 1 2 
________
0| 0 0 2
1| 0 1 2
2| 0 0 2

___20___

*| 0 1 2 
________
0| 0 0 2
1| 0 1 2
2| 0 2 2

___21___

*| 0 1 2 
________
0| 0 0 2
1| 0 1 2
2| 2 2 0

___22___

*| 0 1 2 
________
0| 0 1 1
1| 1 0 0
2| 1 0 0

___23___

*| 0 1 2 
________
0| 0 1 2
1| 0 1 2
2| 0 1 2

___24___

*| 0 1 2 
________
0| 0 1 2
1| 1 2 0
2| 2 0 1

